8
bacterial1 0.0 0.24408570096707513 0.13339369256030822 0.2022245111473814 0.15350058620926213 0.27976978708641415 0.23146049793201445 0.38043491429998644 
bacterial2 0.24408570096707513 0.0 0.19812443836118934 0.3225985741086849 0.24165868294126994 0.14552924409077148 0.268097590147442 0.21997075209387074
bacterial3 0.13339369256030822 0.19812443836118934 0.0 0.23197930613162634 0.15592550824566256 0.24757163287565287 0.23438808714266648 0.32561497209374723
bacterial4 0.2022245111473814 0.3225985741086849 0.23197930613162634 0.0 0.22301881390947675 0.3780934130639134 0.26506357061835867 0.44453989947808864
mamalian1 0.15350058620926213 0.24165868294126994 0.15592550824566256 0.22301881390947675 0.0 0.2771982889946798 0.2158818925922371 0.36986480476588207
mamalian2 0.27976978708641415 0.14552924409077148 0.24757163287565287 0.3780934130639134 0.2771982889946798 0.0 0.2823125651299598 0.1746667522783192
mamalian3 0.23146049793201445 0.268097590147442 0.23438808714266648 0.26506357061835867 0.2158818925922371 0.2823125651299598 0.0 0.3464099693692628
mamalian4 0.38043491429998644 0.21997075209387074 0.32561497209374723 0.44453989947808864 0.36986480476588207 0.1746667522783192 0.3464099693692628 0.0
8
bacterial1 0.0 0.0004475256100381751 0.00036594195275429424 0.0005416290943107286 0.0004021794371832819 0.000473329896950677 0.0005931983861824344 0.0005565026421066995
bacterial2 0.0004475256100381751 0.0 0.0003568673938025041 0.0006120879930017612 0.0003758192205858069 0.00025857031567828366 0.0004982108646719783 0.00032567798756723314
bacterial3 0.00036594195275429424 0.0003568673938025041 0.0 0.0005011952204105055 0.00030149988723811863 0.0003615399424621888 0.0005429091887848949 0.0004362273819358213
bacterial4 0.0005416290943107286 0.0006120879930017612 0.0005011952204105055 0.0 0.00045839203563879027 0.0006511129950449836 0.0006256966962704145 0.0007502741452946795
mamalian1 0.0004021794371832819 0.0003758192205858069 0.00030149988723811863 0.00045839203563879027 0.0 0.00036737321482312266 0.0005138768301931533 0.00046633713019900803
mamalian2 0.000473329896950677 0.00025857031567828366 0.0003615399424621888 0.0006511129950449836 0.00036737321482312266 0.0 0.0004898403896654222 0.00024355084066609144
mamalian3 0.0005931983861824344 0.0004982108646719783 0.0005429091887848949 0.0006256966962704145 0.0005138768301931533 0.0004898403896654222 0.0 0.0005266882460615407
mamalian4 0.0005565026421066995 0.00032567798756723314 0.0004362273819358213 0.0007502741452946795 0.00046633713019900803 0.00024355084066609144 0.0005266882460615407 0.0


bacterial1 ('AAA', 0.04740678272393229) ('GCT', 0.03957592916089392) ('AAT', 0.03767845310523463)
bacterial1 ('TTCTTT', 0.005602747153442979) ('TTTGCT', 0.004578589071630821) ('GCTGGT', 0.004217121513344177)
bacterial2 ('GAT', 0.03843026153563653) ('GAA', 0.03827286797303324) ('ATG', 0.03383961595970725)
bacterial2 ('TAAATG', 0.003672805498714518) ('TGAATG', 0.0025184951991185267) ('AATGCT', 0.0025184951991185267)
bacterial3 ('GCT', 0.045739875985608205) ('AAA', 0.043277450304932505) ('GGT', 0.04146571742070479)
bacterial3 ('GCTGGT', 0.004542438626039912) ('GTTGGT', 0.003955494309192059) ('CAAGGT', 0.0036492624917062217)
bacterial4 ('AAA', 0.06340242376140907) ('TTA', 0.061387710247565556) ('GAT', 0.05873195152477182)
bacterial4 ('GATGAT', 0.006227866650384662) ('TTAAAA', 0.005189888875320552) ('GTAGAT', 0.004823543778239101)
mamalian1 ('GTT', 0.039864435500953185) ('GCT', 0.039091294217326836) ('AAT', 0.03801101461554755)
mamalian1 ('GGTGTT', 0.003339735080633773) ('GATGGT', 0.0028101787782076992) ('TTAGCT', 0.002661903013528398)
mamalian2 ('ATG', 0.032465043414495943) ('AAC', 0.028515240904621434) ('GAA', 0.02783194173624652)
mamalian2 ('TAAATG', 0.003266666666666667) ('AACATG', 0.0027) ('TGAATG', 0.0021666666666666666)
mamalian3 ('ATA', 0.05222964680212737) ('TTA', 0.04377471703259239) ('ATG', 0.0415927996727124)
mamalian3 ('TAAATG', 0.007096069868995633) ('TGAATG', 0.005185589519650655) ('GTATTA', 0.005185589519650655)
mamalian4 ('ATG', 0.02784607819031227) ('GGC', 0.02661667076469142) ('CGG', 0.025940496680599952)
mamalian4 ('TGAATG', 0.005164781111657649) ('TAAATG', 0.0033202164289227744) ('TAGATG', 0.002459419576979833)